1 900 1
2 900 1
3 90wefwe0 1
4 900 1
5 300 1
6 30430 1
7 30430 1
8 30430 1
9 30430 1
10 30430 1
11 30430 1
12 30430 1
13 30430 1
14 30430 1
15 30430 1
16 30430 1
17 30430 1
18 30430 1
19 30430 1
20 30430 1
21 30430 1
22 30430 1
23 30430 1
24 30430 1
25 30430 1
26 30430 1
27 30430 1
28 30430 1
29 30430 1
30 30430 1
31 30430 1
32 30430 1
33 30430 1
34 30430 1
35 30430 1
36 30430 1
37 30430 1
38 30430 1
39 30430 1
40 30430 1
41 30430 1
42 30430 1
43 30430 1
44 30430 1
45 30430 1
46 30430 1
47 30430 1
48 30430 1
49 30430 1
50 30430 1
51 30430 1
52 30430 1
53 30430 1
54 30430 1
55 30430 1
56 30430 1
57 30430 1
58 30430 1
59 30430 1
60 30430 1
61 30430 1
62 30430 1
63 30430 1
64 30430 1
65 30430 1
66 30430 1
67 30430 1
68 30430 1
69 30430 1
70 30430 1
71 30430 1
72 30430 1
73 30430 1
74 30430 1
75 30430 1
76 30430 1
77 30430 1
78 30430 1
79 30430 1
80 30430 1
81 30430 1
82 30430 1
83 30430 1
84 30430 1
85 30430 1
86 30430 1
