1 23 1
2 23 1
3 wef23 1
4 23 1
5 232 1
6 23442 1
7 23442 1
8 23442 1
9 23442 1
10 23442 1
11 23442 1
12 23442 1
13 23442 1
14 23442 1
15 23442 1
16 23442 1
17 23442 1
18 23442 1
19 23442 1
20 23442 1
21 23442 1
22 23442 1
23 23442 1
24 23442 1
25 23442 1
26 23442 1
27 23442 1
28 23442 1
29 23442 1
30 23442 1
31 23442 1
32 23442 1
33 23442 1
34 23442 1
35 23442 1
36 23442 1
37 23442 1
38 23442 1
39 23442 1
40 23442 1
41 23442 1
42 23442 1
43 23442 1
44 23442 1
45 23442 1
46 23442 1
47 23442 1
48 23442 1
49 23442 1
50 23442 1
51 23442 1
52 23442 1
53 23442 1
54 23442 1
55 23442 1
56 23442 1
57 23442 1
58 23442 1
59 23442 1
60 23442 1
61 23442 1
62 23442 1
63 23442 1
64 23442 1
65 23442 1
66 23442 1
67 23442 1
68 23442 1
69 23442 1
70 23442 1
71 23442 1
72 23442 1
73 23442 1
74 23442 1
75 23442 1
76 23442 1
77 23442 1
78 23442 1
79 23442 1
80 23442 1
81 23442 1
82 23442 1
83 23442 1
84 23442 1
85 23442 1
86 23442 1
